pixel-area = 0.000023
map-coordinates = 31.324644, 20.04920134

Area = 255, 255, 255
aREa2 = 255, 0, 0
_area3 = 0, 255, 0
4 = 0, 0, 255
